  -3.1415927e+00  -6.1232340e-16  -1.0000000e+00
  -3.1205787e+00  -1.0487677e-01  -9.9448523e-01
  -3.0995647e+00  -2.0859680e-01  -9.7800173e-01
  -3.0785507e+00  -3.1001610e-01  -9.5073131e-01
  -3.0575367e+00  -4.0801606e-01  -9.1297475e-01
  -3.0365227e+00  -5.0151579e-01  -8.6514849e-01
  -3.0155087e+00  -5.8948402e-01  -8.0778004e-01
  -2.9944947e+00  -6.7095051e-01  -7.4150213e-01
  -2.9734807e+00  -7.4501672e-01  -6.6704579e-01
  -2.9524667e+00  -8.1086573e-01  -5.8523223e-01
  -2.9314527e+00  -8.6777126e-01  -4.9696383e-01
  -2.9104387e+00  -9.1510565e-01  -4.0321414e-01
  -2.8894247e+00  -9.5234685e-01  -3.0501718e-01
  -2.8684107e+00  -9.7908409e-01  -2.0345601e-01
  -2.8473967e+00  -9.9502247e-01  -9.9650821e-02
  -2.8263827e+00  -9.9998620e-01   5.2534753e-03
  -2.8053687e+00  -9.9392053e-01   1.1009983e-01
  -2.7843547e+00  -9.7689237e-01   2.1373183e-01
  -2.7633407e+00  -9.4908953e-01   3.1500646e-01
  -2.7423267e+00  -9.1081865e-01   4.1280672e-01
  -2.7213127e+00  -8.6250185e-01   5.0605390e-01
  -2.7002987e+00  -8.0467205e-01   5.9371954e-01
  -2.6792847e+00  -7.3796708e-01   6.7483672e-01
  -2.6582707e+00  -6.6312266e-01   7.4851075e-01
  -2.6372567e+00  -5.8096430e-01   8.1392904e-01
  -2.6162427e+00  -4.9239816e-01   8.7037007e-01
  -2.5952287e+00  -3.9840109e-01   9.1721130e-01
  -2.5742147e+00  -3.0000984e-01   9.5393611e-01
  -2.5532007e+00  -1.9830961e-01   9.8013943e-01
  -2.5321867e+00  -9.4422120e-02   9.9553225e-01
  -2.5111727e+00   1.0506806e-02   9.9994480e-01
  -2.4901587e+00   1.1531985e-01   9.9332841e-01
  -2.4691447e+00   2.1886096e-01   9.7575606e-01
  -2.4481307e+00   3.1998814e-01   9.4742155e-01
  -2.4271167e+00   4.1758599e-01   9.0863741e-01
  -2.4061027e+00   5.1057805e-01   8.5983141e-01
  -2.3850887e+00   5.9793867e-01   8.0154186e-01
  -2.3640747e+00   6.7870430e-01   7.3441166e-01
  -2.3430607e+00   7.5198412e-01   6.5918122e-01
  -2.3220467e+00   8.1696989e-01   5.7668032e-01
  -2.3010327e+00   8.7294486e-01   4.8781890e-01
  -2.2800187e+00   9.1929163e-01   3.9357705e-01
  -2.2590048e+00   9.5549904e-01   2.9499422e-01
  -2.2379908e+00   9.8116772e-01   1.9315774e-01
  -2.2169768e+00   9.9601456e-01   8.9190813e-02
  -2.1959628e+00   9.9987581e-01  -1.5759846e-02
  -2.1749488e+00   9.9270887e-01  -1.2053668e-01
  -2.1539348e+00   9.7459281e-01  -2.2398405e-01
  -2.1329208e+00   9.4572743e-01  -3.2496098e-01
  -2.1119068e+00   9.0643109e-01  -4.2235373e-01
  -2.0908928e+00   8.5713724e-01  -5.1508811e-01
  -2.0698788e+00   7.9838954e-01  -6.0214130e-01
  -2.0488648e+00   7.3083596e-01  -6.8255314e-01
  -2.0278508e+00   6.5522160e-01  -7.5543673e-01
  -2.0068368e+00   5.7238043e-01  -8.1998819e-01
  -1.9858228e+00   4.8322617e-01  -8.7549556e-01
  -1.9648088e+00   3.8874214e-01  -9.2134660e-01
  -1.9437948e+00   2.8997046e-01  -9.5703560e-01
  -1.9227808e+00   1.8800053e-01  -9.8216893e-01
  -1.9017668e+00   8.3957044e-02  -9.9646937e-01
  -1.8807528e+00  -2.1012451e-02  -9.9977921e-01
  -1.8597388e+00  -1.2575019e-01  -9.9206194e-01
  -1.8387248e+00  -2.2910096e-01  -9.7340267e-01
  -1.8177108e+00  -3.2992485e-01  -9.4400720e-01
  -1.7966968e+00  -4.2710981e-01  -9.0419976e-01
  -1.7756828e+00  -5.1958395e-01  -8.5441940e-01
  -1.7546688e+00  -6.0632731e-01  -7.9521519e-01
  -1.7336548e+00  -6.8638315e-01  -7.2724010e-01
  -1.7126408e+00  -7.5886850e-01  -6.5124389e-01
  -1.6916268e+00  -8.2298387e-01  -5.6806475e-01
  -1.6706128e+00  -8.7802209e-01  -4.7862011e-01
  -1.6495988e+00  -9.2337613e-01  -3.8389650e-01
  -1.6285848e+00  -9.5854574e-01  -2.8493869e-01
  -1.6075708e+00  -9.8314303e-01  -1.8283814e-01
  -1.5865568e+00  -9.9689669e-01  -7.8720958e-02
  -1.5655428e+00  -9.9965503e-01   2.6264477e-02
  -1.5445288e+00  -9.9138762e-01   1.3096023e-01
  -1.5235148e+00  -9.7218566e-01   2.3421154e-01
  -1.5025008e+00  -9.4226092e-01   3.3487961e-01
  -1.4814868e+00  -9.0194347e-01   4.3185411e-01
  -1.4604728e+00  -8.5167799e-01   5.2406545e-01
  -1.4394588e+00  -7.9201889e-01   6.1049659e-01
  -1.4184448e+00  -7.2362417e-01   6.9019422e-01
  -1.3974308e+00  -6.4724820e-01   7.6227932e-01
  -1.3764168e+00  -5.6373338e-01   8.2595682e-01
  -1.3554029e+00  -4.7400083e-01   8.8052439e-01
  -1.3343889e+00  -3.7904027e-01   9.2538018e-01
  -1.3133749e+00  -2.7989906e-01   9.6002943e-01
  -1.2923609e+00  -1.7767070e-01   9.8409000e-01
  -1.2713469e+00  -7.3482700e-02   9.9729649e-01
  -1.2503329e+00   3.1515777e-02   9.9950325e-01
  -1.2293189e+00   1.3616665e-01   9.9068595e-01
  -1.2083049e+00   2.3931566e-01   9.7094182e-01
  -1.1872909e+00   3.3982514e-01   9.4048864e-01
  -1.1662769e+00   4.3658649e-01   8.9966229e-01
  -1.1452629e+00   5.2853249e-01   8.4891307e-01
  -1.1242489e+00   6.1464901e-01   7.8880073e-01
  -1.1032349e+00   6.9398624e-01   7.1998827e-01
  -1.0822209e+00   7.6566910e-01   6.4323466e-01
  -1.0612069e+00   8.2890698e-01   5.5938646e-01
  -1.0401929e+00   8.8300240e-01   4.6936848e-01
  -1.0191789e+00   9.2735869e-01   3.7417358e-01
  -9.9816489e-01   9.6148663e-01   2.7485171e-01
  -9.7715089e-01   9.8500981e-01   1.7249835e-01
  -9.5613689e-01   9.9766877e-01   6.8242413e-02
  -9.3512290e-01   9.9932389e-01  -3.6766208e-02
  -9.1410890e-01   9.8995693e-01  -1.4136931e-01
  -8.9309490e-01   9.6967118e-01  -2.4441318e-01
  -8.7208090e-01   9.3869040e-01  -3.4476128e-01
  -8.5106691e-01   8.9735628e-01  -4.4130682e-01
  -8.3005291e-01   8.4612473e-01  -5.3298494e-01
  -8.0903891e-01   7.8556080e-01  -6.1878448e-01
  -7.8802491e-01   7.1633249e-01  -6.9775910e-01
  -7.6701092e-01   6.3920336e-01  -7.6903775e-01
  -7.4599692e-01   5.5502410e-01  -8.3183427e-01
  -7.2498292e-01   4.6472317e-01  -8.8545603e-01
  -7.0396892e-01   3.6929656e-01  -9.2931160e-01
  -6.8295492e-01   2.6979677e-01  -9.6291729e-01
  -6.6194093e-01   1.6732125e-01  -9.8590243e-01
  -6.4092693e-01   6.3000243e-02  -9.9801351e-01
  -6.1991293e-01  -4.2015624e-02  -9.9911695e-01
  -5.9889893e-01  -1.4656808e-01  -9.8920059e-01
  -5.7788494e-01  -2.4950395e-01  -9.6837378e-01
  -5.5687094e-01  -3.4968791e-01  -9.3686625e-01
  -5.3585694e-01  -4.4601497e-01  -8.9502550e-01
  -5.1484294e-01  -5.3742268e-01  -8.4331303e-01
  -4.9382895e-01  -6.2290286e-01  -7.8229919e-01
  -4.7281495e-01  -7.0151271e-01  -7.1265695e-01
  -4.5180095e-01  -7.7238518e-01  -6.3515442e-01
  -4.3078695e-01  -8.3473860e-01  -5.5064642e-01
  -4.0977295e-01  -8.8788522e-01  -4.6006504e-01
  -3.8875896e-01  -9.3123887e-01  -3.6440935e-01
  -3.6774496e-01  -9.6432137e-01  -2.6473439e-01
  -3.4673096e-01  -9.8676784e-01  -1.6213952e-01
  -3.2571696e-01  -9.9833071e-01  -5.7756335e-02
  -3.0470297e-01  -9.9888244e-01   4.7263880e-02
  -2.8368897e-01  -9.8841694e-01   1.5176280e-01
  -2.6267497e-01  -9.6704965e-01   2.5458784e-01
  -2.4166097e-01  -9.3501624e-01   3.5460489e-01
  -2.2064698e-01  -8.9267002e-01   4.5071081e-01
  -1.9963298e-01  -8.4047805e-01   5.4184559e-01
  -1.7861898e-01  -7.7901599e-01   6.2700406e-01
  -1.5760498e-01  -7.0896173e-01   7.0524695e-01
  -1.3659098e-01  -6.3108794e-01   7.7571129e-01
  -1.1557699e-01  -5.4625354e-01   8.3761988e-01
  -9.4562990e-02  -4.5539421e-01   8.9028991e-01
  -7.3548992e-02  -3.5951208e-01   9.3314043e-01
  -5.2534994e-02  -2.5966469e-01   9.6569884e-01
  -3.1520997e-02  -1.5695333e-01   9.8760602e-01
  -1.0506999e-02  -5.2510832e-02   9.9862035e-01
   1.0506999e-02   5.2510832e-02   9.9862035e-01
   3.1520997e-02   1.5695333e-01   9.8760602e-01
   5.2534994e-02   2.5966469e-01   9.6569884e-01
   7.3548992e-02   3.5951208e-01   9.3314043e-01
   9.4562990e-02   4.5539421e-01   8.9028991e-01
   1.1557699e-01   5.4625354e-01   8.3761988e-01
   1.3659098e-01   6.3108794e-01   7.7571129e-01
   1.5760498e-01   7.0896173e-01   7.0524695e-01
   1.7861898e-01   7.7901599e-01   6.2700406e-01
   1.9963298e-01   8.4047805e-01   5.4184559e-01
   2.2064698e-01   8.9267002e-01   4.5071081e-01
   2.4166097e-01   9.3501624e-01   3.5460489e-01
   2.6267497e-01   9.6704965e-01   2.5458784e-01
   2.8368897e-01   9.8841694e-01   1.5176280e-01
   3.0470297e-01   9.9888244e-01   4.7263880e-02
   3.2571696e-01   9.9833071e-01  -5.7756335e-02
   3.4673096e-01   9.8676784e-01  -1.6213952e-01
   3.6774496e-01   9.6432137e-01  -2.6473439e-01
   3.8875896e-01   9.3123887e-01  -3.6440935e-01
   4.0977295e-01   8.8788522e-01  -4.6006504e-01
   4.3078695e-01   8.3473860e-01  -5.5064642e-01
   4.5180095e-01   7.7238518e-01  -6.3515442e-01
   4.7281495e-01   7.0151271e-01  -7.1265695e-01
   4.9382895e-01   6.2290286e-01  -7.8229919e-01
   5.1484294e-01   5.3742268e-01  -8.4331303e-01
   5.3585694e-01   4.4601497e-01  -8.9502550e-01
   5.5687094e-01   3.4968791e-01  -9.3686625e-01
   5.7788494e-01   2.4950395e-01  -9.6837378e-01
   5.9889893e-01   1.4656808e-01  -9.8920059e-01
   6.1991293e-01   4.2015624e-02  -9.9911695e-01
   6.4092693e-01  -6.3000243e-02  -9.9801351e-01
   6.6194093e-01  -1.6732125e-01  -9.8590243e-01
   6.8295492e-01  -2.6979677e-01  -9.6291729e-01
   7.0396892e-01  -3.6929656e-01  -9.2931160e-01
   7.2498292e-01  -4.6472317e-01  -8.8545603e-01
   7.4599692e-01  -5.5502410e-01  -8.3183427e-01
   7.6701092e-01  -6.3920336e-01  -7.6903775e-01
   7.8802491e-01  -7.1633249e-01  -6.9775910e-01
   8.0903891e-01  -7.8556080e-01  -6.1878448e-01
   8.3005291e-01  -8.4612473e-01  -5.3298494e-01
   8.5106691e-01  -8.9735628e-01  -4.4130682e-01
   8.7208090e-01  -9.3869040e-01  -3.4476128e-01
   8.9309490e-01  -9.6967118e-01  -2.4441318e-01
   9.1410890e-01  -9.8995693e-01  -1.4136931e-01
   9.3512290e-01  -9.9932389e-01  -3.6766208e-02
   9.5613689e-01  -9.9766877e-01   6.8242413e-02
   9.7715089e-01  -9.8500981e-01   1.7249835e-01
   9.9816489e-01  -9.6148663e-01   2.7485171e-01
   1.0191789e+00  -9.2735869e-01   3.7417358e-01
   1.0401929e+00  -8.8300240e-01   4.6936848e-01
   1.0612069e+00  -8.2890698e-01   5.5938646e-01
   1.0822209e+00  -7.6566910e-01   6.4323466e-01
   1.1032349e+00  -6.9398624e-01   7.1998827e-01
   1.1242489e+00  -6.1464901e-01   7.8880073e-01
   1.1452629e+00  -5.2853249e-01   8.4891307e-01
   1.1662769e+00  -4.3658649e-01   8.9966229e-01
   1.1872909e+00  -3.3982514e-01   9.4048864e-01
   1.2083049e+00  -2.3931566e-01   9.7094182e-01
   1.2293189e+00  -1.3616665e-01   9.9068595e-01
   1.2503329e+00  -3.1515777e-02   9.9950325e-01
   1.2713469e+00   7.3482700e-02   9.9729649e-01
   1.2923609e+00   1.7767070e-01   9.8409000e-01
   1.3133749e+00   2.7989906e-01   9.6002943e-01
   1.3343889e+00   3.7904027e-01   9.2538018e-01
   1.3554029e+00   4.7400083e-01   8.8052439e-01
   1.3764168e+00   5.6373338e-01   8.2595682e-01
   1.3974308e+00   6.4724820e-01   7.6227932e-01
   1.4184448e+00   7.2362417e-01   6.9019422e-01
   1.4394588e+00   7.9201889e-01   6.1049659e-01
   1.4604728e+00   8.5167799e-01   5.2406545e-01
   1.4814868e+00   9.0194347e-01   4.3185411e-01
   1.5025008e+00   9.4226092e-01   3.3487961e-01
   1.5235148e+00   9.7218566e-01   2.3421154e-01
   1.5445288e+00   9.9138762e-01   1.3096023e-01
   1.5655428e+00   9.9965503e-01   2.6264477e-02
   1.5865568e+00   9.9689669e-01  -7.8720958e-02
   1.6075708e+00   9.8314303e-01  -1.8283814e-01
   1.6285848e+00   9.5854574e-01  -2.8493869e-01
   1.6495988e+00   9.2337613e-01  -3.8389650e-01
   1.6706128e+00   8.7802209e-01  -4.7862011e-01
   1.6916268e+00   8.2298387e-01  -5.6806475e-01
   1.7126408e+00   7.5886850e-01  -6.5124389e-01
   1.7336548e+00   6.8638315e-01  -7.2724010e-01
   1.7546688e+00   6.0632731e-01  -7.9521519e-01
   1.7756828e+00   5.1958395e-01  -8.5441940e-01
   1.7966968e+00   4.2710981e-01  -9.0419976e-01
   1.8177108e+00   3.2992485e-01  -9.4400720e-01
   1.8387248e+00   2.2910096e-01  -9.7340267e-01
   1.8597388e+00   1.2575019e-01  -9.9206194e-01
   1.8807528e+00   2.1012451e-02  -9.9977921e-01
   1.9017668e+00  -8.3957044e-02  -9.9646937e-01
   1.9227808e+00  -1.8800053e-01  -9.8216893e-01
   1.9437948e+00  -2.8997046e-01  -9.5703560e-01
   1.9648088e+00  -3.8874214e-01  -9.2134660e-01
   1.9858228e+00  -4.8322617e-01  -8.7549556e-01
   2.0068368e+00  -5.7238043e-01  -8.1998819e-01
   2.0278508e+00  -6.5522160e-01  -7.5543673e-01
   2.0488648e+00  -7.3083596e-01  -6.8255314e-01
   2.0698788e+00  -7.9838954e-01  -6.0214130e-01
   2.0908928e+00  -8.5713724e-01  -5.1508811e-01
   2.1119068e+00  -9.0643109e-01  -4.2235373e-01
   2.1329208e+00  -9.4572743e-01  -3.2496098e-01
   2.1539348e+00  -9.7459281e-01  -2.2398405e-01
   2.1749488e+00  -9.9270887e-01  -1.2053668e-01
   2.1959628e+00  -9.9987581e-01  -1.5759846e-02
   2.2169768e+00  -9.9601456e-01   8.9190813e-02
   2.2379908e+00  -9.8116772e-01   1.9315774e-01
   2.2590048e+00  -9.5549904e-01   2.9499422e-01
   2.2800187e+00  -9.1929163e-01   3.9357705e-01
   2.3010327e+00  -8.7294486e-01   4.8781890e-01
   2.3220467e+00  -8.1696989e-01   5.7668032e-01
   2.3430607e+00  -7.5198412e-01   6.5918122e-01
   2.3640747e+00  -6.7870430e-01   7.3441166e-01
   2.3850887e+00  -5.9793867e-01   8.0154186e-01
   2.4061027e+00  -5.1057805e-01   8.5983141e-01
   2.4271167e+00  -4.1758599e-01   9.0863741e-01
   2.4481307e+00  -3.1998814e-01   9.4742155e-01
   2.4691447e+00  -2.1886096e-01   9.7575606e-01
   2.4901587e+00  -1.1531985e-01   9.9332841e-01
   2.5111727e+00  -1.0506806e-02   9.9994480e-01
   2.5321867e+00   9.4422120e-02   9.9553225e-01
   2.5532007e+00   1.9830961e-01   9.8013943e-01
   2.5742147e+00   3.0000984e-01   9.5393611e-01
   2.5952287e+00   3.9840109e-01   9.1721130e-01
   2.6162427e+00   4.9239816e-01   8.7037007e-01
   2.6372567e+00   5.8096430e-01   8.1392904e-01
   2.6582707e+00   6.6312266e-01   7.4851075e-01
   2.6792847e+00   7.3796708e-01   6.7483672e-01
   2.7002987e+00   8.0467205e-01   5.9371954e-01
   2.7213127e+00   8.6250185e-01   5.0605390e-01
   2.7423267e+00   9.1081865e-01   4.1280672e-01
   2.7633407e+00   9.4908953e-01   3.1500646e-01
   2.7843547e+00   9.7689237e-01   2.1373183e-01
   2.8053687e+00   9.9392053e-01   1.1009983e-01
   2.8263827e+00   9.9998620e-01   5.2534753e-03
   2.8473967e+00   9.9502247e-01  -9.9650821e-02
   2.8684107e+00   9.7908409e-01  -2.0345601e-01
   2.8894247e+00   9.5234685e-01  -3.0501718e-01
   2.9104387e+00   9.1510565e-01  -4.0321414e-01
   2.9314527e+00   8.6777126e-01  -4.9696383e-01
   2.9524667e+00   8.1086573e-01  -5.8523223e-01
   2.9734807e+00   7.4501672e-01  -6.6704579e-01
   2.9944947e+00   6.7095051e-01  -7.4150213e-01
   3.0155087e+00   5.8948402e-01  -8.0778004e-01
   3.0365227e+00   5.0151579e-01  -8.6514849e-01
   3.0575367e+00   4.0801606e-01  -9.1297475e-01
   3.0785507e+00   3.1001610e-01  -9.5073131e-01
   3.0995647e+00   2.0859680e-01  -9.7800173e-01
   3.1205787e+00   1.0487677e-01  -9.9448523e-01
   3.1415927e+00   6.1232340e-16  -1.0000000e+00
